70v/s3v70c1000-1.cnf
[3, 70, 1000, 953, (862, 907, 883.27272727272725, 882.0), (854, 888, 876.18181818181813, 875.0)]
70v/s3v70c1000-10.cnf
[3, 70, 1000, 955, (863, 887, 875.90909090909088, 872.0), (864, 894, 876.18181818181813, 875.0)]
70v/s3v70c1000-2.cnf
[3, 70, 1000, 957, (859, 889, 873.18181818181813, 872.0), (864, 899, 881.09090909090912, 881.0)]
70v/s3v70c1000-3.cnf
[3, 70, 1000, 955, (853, 892, 872.4545454545455, 872.0), (863, 889, 871.5454545454545, 871.0)]
70v/s3v70c1000-4.cnf
[3, 70, 1000, 953, (856, 893, 873.09090909090912, 875.0), (867, 887, 875.72727272727275, 875.0)]
70v/s3v70c1000-5.cnf
[3, 70, 1000, 958, (863, 890, 877.81818181818187, 880.0), (858, 901, 874.63636363636363, 872.0)]
70v/s3v70c1000-6.cnf
[3, 70, 1000, 950, (856, 896, 878.27272727272725, 879.0), (860, 889, 872.4545454545455, 872.0)]
70v/s3v70c1000-7.cnf
[3, 70, 1000, 951, (853, 889, 873.81818181818187, 876.0), (865, 884, 875.5454545454545, 875.0)]
70v/s3v70c1000-8.cnf
[3, 70, 1000, 952, (865, 897, 881.0, 882.0), (854, 893, 875.81818181818187, 873.0)]
70v/s3v70c1000-9.cnf
[3, 70, 1000, 951, (871, 894, 882.72727272727275, 882.0), (861, 893, 879.27272727272725, 879.0)]
70v/s3v70c1100-1.cnf
[3, 70, 1100, 1044, (932, 975, 961.90909090909088, 966.0), (948, 984, 967.63636363636363, 969.0)]
70v/s3v70c1100-10.cnf
[3, 70, 1100, 1042, (953, 971, 961.63636363636363, 961.0), (952, 981, 962.90909090909088, 963.0)]
70v/s3v70c1100-2.cnf
[3, 70, 1100, 1045, (946, 978, 962.63636363636363, 968.0), (942, 970, 960.63636363636363, 961.0)]
70v/s3v70c1100-3.cnf
[3, 70, 1100, 1047, (948, 980, 964.81818181818187, 960.0), (947, 973, 959.5454545454545, 960.0)]
70v/s3v70c1100-4.cnf
[3, 70, 1100, 1048, (937, 989, 968.63636363636363, 969.0), (945, 981, 965.18181818181813, 962.0)]
70v/s3v70c1100-5.cnf
[3, 70, 1100, 1047, (941, 990, 972.4545454545455, 974.0), (938, 968, 958.81818181818187, 963.0)]
70v/s3v70c1100-6.cnf
[3, 70, 1100, 1047, (954, 983, 968.5454545454545, 966.0), (948, 975, 960.63636363636363, 958.0)]
70v/s3v70c1100-7.cnf
[3, 70, 1100, 1047, (950, 976, 964.5454545454545, 964.0), (948, 989, 964.72727272727275, 957.0)]
70v/s3v70c1100-8.cnf
[3, 70, 1100, 1049, (943, 983, 967.0, 968.0), (945, 976, 961.18181818181813, 963.0)]
70v/s3v70c1100-9.cnf
[3, 70, 1100, 1052, (935, 981, 960.72727272727275, 961.0), (945, 978, 959.36363636363637, 958.0)]
70v/s3v70c1200-1.cnf
[3, 70, 1200, 1134, (1030, 1071, 1050.4545454545455, 1053.0), (1043, 1069, 1053.1818181818182, 1050.0)]
70v/s3v70c1200-10.cnf
[3, 70, 1200, 1137, (1038, 1076, 1055.909090909091, 1058.0), (1043, 1072, 1054.0, 1051.0)]
70v/s3v70c1200-2.cnf
[3, 70, 1200, 1137, (1043, 1071, 1053.0, 1050.0), (1028, 1064, 1046.3636363636363, 1048.0)]
70v/s3v70c1200-3.cnf
[3, 70, 1200, 1135, (1037, 1074, 1052.6363636363637, 1051.0), (1033, 1073, 1051.8181818181818, 1054.0)]
70v/s3v70c1200-4.cnf
[3, 70, 1200, 1133, (1031, 1062, 1049.2727272727273, 1049.0), (1045, 1064, 1052.3636363636363, 1050.0)]
70v/s3v70c1200-5.cnf
[3, 70, 1200, 1135, (1025, 1066, 1045.1818181818182, 1046.0), (1033, 1061, 1050.090909090909, 1052.0)]
70v/s3v70c1200-6.cnf
[3, 70, 1200, 1134, (1033, 1086, 1052.2727272727273, 1046.0), (1043, 1066, 1051.7272727272727, 1050.0)]
70v/s3v70c1200-7.cnf
[3, 70, 1200, 1138, (1031, 1070, 1047.0, 1042.0), (1047, 1064, 1054.090909090909, 1054.0)]
70v/s3v70c1200-8.cnf
[3, 70, 1200, 1137, (1025, 1067, 1049.6363636363637, 1052.0), (1040, 1076, 1051.3636363636363, 1047.0)]
70v/s3v70c1200-9.cnf
[3, 70, 1200, 1139, (1037, 1070, 1052.2727272727273, 1045.0), (1034, 1072, 1054.4545454545455, 1055.0)]
70v/s3v70c800-1.cnf
[3, 70, 800, 769, (690, 717, 704.81818181818187, 708.0), (685, 710, 700.09090909090912, 703.0)]
70v/s3v70c800-10.cnf
[3, 70, 800, 770, (688, 719, 702.36363636363637, 702.0), (694, 717, 705.4545454545455, 704.0)]
70v/s3v70c800-2.cnf
[3, 70, 800, 766, (676, 710, 695.63636363636363, 698.0), (693, 716, 703.90909090909088, 703.0)]
70v/s3v70c800-3.cnf
[3, 70, 800, 770, (694, 717, 705.36363636363637, 708.0), (685, 718, 702.5454545454545, 703.0)]
70v/s3v70c800-4.cnf
[3, 70, 800, 772, (685, 715, 699.63636363636363, 698.0), (679, 714, 698.90909090909088, 696.0)]
70v/s3v70c800-5.cnf
[3, 70, 800, 769, (681, 715, 700.5454545454545, 698.0), (696, 722, 705.72727272727275, 706.0)]
70v/s3v70c800-6.cnf
[3, 70, 800, 770, (693, 725, 706.81818181818187, 705.0), (683, 725, 700.0, 698.0)]
70v/s3v70c800-7.cnf
[3, 70, 800, 769, (699, 722, 711.09090909090912, 712.0), (677, 706, 695.81818181818187, 697.0)]
70v/s3v70c800-8.cnf
[3, 70, 800, 766, (690, 710, 701.90909090909088, 704.0), (692, 709, 701.63636363636363, 704.0)]
70v/s3v70c800-9.cnf
[3, 70, 800, 768, (686, 710, 699.27272727272725, 699.0), (690, 713, 700.81818181818187, 703.0)]
70v/s3v70c900-1.cnf
[3, 70, 900, 861, (782, 802, 792.36363636363637, 793.0), (788, 814, 795.90909090909088, 793.0)]
70v/s3v70c900-10.cnf
[3, 70, 900, 861, (765, 802, 788.72727272727275, 790.0), (779, 802, 790.81818181818187, 790.0)]
70v/s3v70c900-2.cnf
[3, 70, 900, 862, (774, 810, 794.0, 796.0), (779, 810, 790.27272727272725, 787.0)]
70v/s3v70c900-3.cnf
[3, 70, 900, 861, (778, 798, 791.81818181818187, 794.0), (765, 810, 785.63636363636363, 785.0)]
70v/s3v70c900-4.cnf
[3, 70, 900, 861, (768, 804, 789.36363636363637, 791.0), (771, 798, 788.0, 789.0)]
70v/s3v70c900-5.cnf
[3, 70, 900, 860, (777, 799, 786.5454545454545, 787.0), (773, 815, 789.36363636363637, 792.0)]
70v/s3v70c900-6.cnf
[3, 70, 900, 859, (771, 806, 791.0, 795.0), (774, 791, 784.09090909090912, 784.0)]
70v/s3v70c900-7.cnf
[3, 70, 900, 860, (781, 810, 794.0, 794.0), (780, 801, 787.90909090909088, 787.0)]
70v/s3v70c900-8.cnf
[3, 70, 900, 858, (762, 813, 789.63636363636363, 787.0), (774, 800, 786.90909090909088, 785.0)]
70v/s3v70c900-9.cnf
[3, 70, 900, 865, (776, 805, 787.5454545454545, 786.0), (774, 799, 786.09090909090912, 787.0)]
