70v/s3v70c1000-1.cnf
[3, 70, 1000, 953, 876, 890]
70v/s3v70c1000-10.cnf
[3, 70, 1000, 955, 890, 882]
70v/s3v70c1000-2.cnf
[3, 70, 1000, 957, 867, 887]
70v/s3v70c1000-3.cnf
[3, 70, 1000, 955, 867, 859]
70v/s3v70c1000-4.cnf
[3, 70, 1000, 953, 868, 878]
70v/s3v70c1000-5.cnf
[3, 70, 1000, 958, 880, 858]
70v/s3v70c1000-6.cnf
[3, 70, 1000, 950, 876, 876]
70v/s3v70c1000-7.cnf
[3, 70, 1000, 951, 875, 871]
70v/s3v70c1000-8.cnf
[3, 70, 1000, 952, 872, 857]
70v/s3v70c1000-9.cnf
[3, 70, 1000, 951, 890, 880]
70v/s3v70c1100-1.cnf
[3, 70, 1100, 1044, 951, 969]
70v/s3v70c1100-10.cnf
[3, 70, 1100, 1042, 968, 961]
70v/s3v70c1100-2.cnf
[3, 70, 1100, 1045, 976, 940]
70v/s3v70c1100-3.cnf
[3, 70, 1100, 1047, 972, 942]
70v/s3v70c1100-4.cnf
[3, 70, 1100, 1048, 957, 968]
70v/s3v70c1100-5.cnf
[3, 70, 1100, 1047, 958, 960]
70v/s3v70c1100-6.cnf
[3, 70, 1100, 1047, 955, 966]
70v/s3v70c1100-7.cnf
[3, 70, 1100, 1047, 955, 951]
70v/s3v70c1100-8.cnf
[3, 70, 1100, 1049, 951, 960]
70v/s3v70c1100-9.cnf
[3, 70, 1100, 1052, 964, 954]
70v/s3v70c1200-1.cnf
[3, 70, 1200, 1134, 1033, 1047]
70v/s3v70c1200-10.cnf
[3, 70, 1200, 1137, 1062, 1014]
70v/s3v70c1200-2.cnf
[3, 70, 1200, 1137, 1042, 1048]
70v/s3v70c1200-3.cnf
[3, 70, 1200, 1135, 1029, 1040]
70v/s3v70c1200-4.cnf
[3, 70, 1200, 1133, 1048, 1045]
70v/s3v70c1200-5.cnf
[3, 70, 1200, 1135, 1056, 1058]
70v/s3v70c1200-6.cnf
[3, 70, 1200, 1134, 1054, 1031]
70v/s3v70c1200-7.cnf
[3, 70, 1200, 1138, 1048, 1056]
70v/s3v70c1200-8.cnf
[3, 70, 1200, 1137, 1050, 1054]
70v/s3v70c1200-9.cnf
[3, 70, 1200, 1139, 1037, 1061]
70v/s3v70c800-1.cnf
[3, 70, 800, 769, 701, 698]
70v/s3v70c800-10.cnf
[3, 70, 800, 770, 703, 693]
70v/s3v70c800-2.cnf
[3, 70, 800, 766, 713, 697]
70v/s3v70c800-3.cnf
[3, 70, 800, 770, 700, 698]
70v/s3v70c800-4.cnf
[3, 70, 800, 772, 704, 688]
70v/s3v70c800-5.cnf
[3, 70, 800, 769, 702, 696]
70v/s3v70c800-6.cnf
[3, 70, 800, 770, 706, 702]
70v/s3v70c800-7.cnf
[3, 70, 800, 769, 701, 689]
70v/s3v70c800-8.cnf
[3, 70, 800, 766, 725, 708]
70v/s3v70c800-9.cnf
[3, 70, 800, 768, 706, 721]
70v/s3v70c900-1.cnf
[3, 70, 900, 861, 783, 782]
70v/s3v70c900-10.cnf
[3, 70, 900, 861, 779, 802]
70v/s3v70c900-2.cnf
[3, 70, 900, 862, 792, 805]
70v/s3v70c900-3.cnf
[3, 70, 900, 861, 802, 777]
70v/s3v70c900-4.cnf
[3, 70, 900, 861, 804, 794]
70v/s3v70c900-5.cnf
[3, 70, 900, 860, 777, 797]
70v/s3v70c900-6.cnf
[3, 70, 900, 859, 800, 803]
70v/s3v70c900-7.cnf
[3, 70, 900, 860, 799, 788]
70v/s3v70c900-8.cnf
[3, 70, 900, 858, 773, 783]
70v/s3v70c900-9.cnf
[3, 70, 900, 865, 793, 792]
